# Jupiter zonal wind from Cassini
# Credit: Porco et al., Science 299, 1541-1547 (2003)
# Planetocentric latitudes, u (m/s), uncertainty (m/s)
-85	 0.8	 13.8
-84.9	 7.7	 9.7
-84.8	 10.6	 5.5
-84.7	 7.4	 8.7
-84.6	 5.4	 11.9
-84.5	 4.7	 11.7
-84.4	 2.4	 11.7
-84.3	 2.3	 11.4
-84.2	 3.1	 11.6
-84.1	 2.3	 11.7
-84	 3.9	 12.0
-83.9	 1.1	 13.0
-83.8	 1.0	 13.3
-83.7	 1.5	 14.7
-83.6	 1.9	 15.2
-83.5	 0.4	 16.9
-83.4	 -1.3	 16.3
-83.3	 -2.0	 16.8
-83.2	 -0.5	 17.6
-83.1	 0.3	 16.8
-83	 0.2	 16.8
-82.9	 0.6	 17.1
-82.8	 1.0	 15.1
-82.7	 2.1	 16.0
-82.6	 -0.4	 16.3
-82.5	 0.1	 17.9
-82.4	 1.4	 18.9
-82.3	 -2.0	 19.2
-82.2	 -2.3	 19.4
-82.1	 -3.4	 19.0
-82	 -0.2	 19.1
-81.9	 0.3	 19.0
-81.8	 0.1	 19.1
-81.7	 -2.9	 17.7
-81.6	 -7.0	 17.2
-81.5	 -5.8	 18.6
-81.4	 -3.1	 18.9
-81.3	 -2.5	 18.2
-81.2	 -1.3	 18.3
-81.1	 -0.2	 18.6
-81	 0.1	 19.2
-80.9	 1.5	 17.3
-80.8	 0.4	 19.9
-80.7	 7.2	 18.7
-80.6	 2.9	 20.2
-80.5	 3.5	 20.2
-80.4	 -0.8	 19.5
-80.3	 1.1	 15.8
-80.2	 -1.7	 17.6
-80.1	 -4.8	 16.7
-80	 -4.6	 18.8
-79.9	 -4.0	 17.0
-79.8	 -0.5	 16.4
-79.7	 -0.3	 14.7
-79.6	 4.2	 13.0
-79.5	 1.3	 16.7
-79.4	 1.8	 16.2
-79.3	 -2.1	 15.7
-79.2	 -5.0	 16.2
-79.1	 -2.8	 16.0
-79	 -2.0	 13.8
-78.9	 -1.3	 14.2
-78.8	 1.5	 12.3
-78.7	 -0.8	 15.6
-78.6	 0.3	 14.4
-78.5	 1.1	 9.8
-78.4	 0.0	 13.0
-78.3	 -1.8	 11.3
-78.2	 -1.0	 12.3
-78.1	 -1.2	 10.9
-78	 0.1	 10.8
-77.9	 -1.3	 11.7
-77.8	 -1.4	 9.7
-77.7	 -0.8	 12.1
-77.6	 -1.3	 11.3
-77.5	 0.3	 11.2
-77.4	 0.8	 10.5
-77.3	 0.7	 9.9
-77.2	 3.2	 10.1
-77.1	 3.2	 10.2
-77	 1.7	 11.8
-76.9	 0.8	 11.3
-76.8	 0.2	 10.6
-76.7	 1.2	 10.3
-76.6	 1.2	 8.8
-76.5	 3.1	 12.3
-76.4	 -0.4	 11.1
-76.3	 1.8	 9.6
-76.2	 2.2	 9.5
-76.1	 2.7	 9.2
-76	 1.8	 7.8
-75.9	 1.9	 7.3
-75.8	 2.1	 6.9
-75.7	 2.9	 6.9
-75.6	 3.6	 6.5
-75.5	 3.7	 6.7
-75.4	 4.1	 6.5
-75.3	 2.4	 5.2
-75.2	 1.4	 5.8
-75.1	 1.2	 5.6
-75	 2.0	 5.9
-74.9	 1.9	 5.8
-74.8	 2.2	 4.2
-74.7	 2.1	 4.9
-74.6	 3.0	 5.2
-74.5	 4.3	 5.3
-74.4	 3.8	 4.9
-74.3	 2.7	 5.7
-74.2	 2.4	 4.3
-74.1	 2.0	 3.4
-74	 1.5	 4.3
-73.9	 3.2	 7.2
-73.8	 4.4	 6.6
-73.7	 4.0	 4.8
-73.6	 3.8	 5.4
-73.5	 3.8	 5.6
-73.4	 2.5	 5.3
-73.3	 1.9	 3.9
-73.2	 1.4	 3.9
-73.1	 1.8	 3.6
-73	 1.9	 3.6
-72.9	 2.0	 3.9
-72.8	 2.1	 4.2
-72.7	 2.5	 6.3
-72.6	 2.3	 7.1
-72.5	 1.1	 5.3
-72.4	 1.3	 5.0
-72.3	 0.8	 3.8
-72.2	 -0.3	 3.2
-72.1	 -0.3	 3.0
-72	 -0.6	 3.3
-71.9	 -0.4	 3.6
-71.8	 -0.5	 3.4
-71.7	 -0.5	 3.4
-71.6	 -0.9	 3.9
-71.5	 -1.0	 3.4
-71.4	 -1.6	 3.0
-71.3	 -1.3	 3.5
-71.2	 -1.8	 3.4
-71.1	 -2.0	 3.6
-71	 -2.0	 3.2
-70.9	 -2.4	 3.2
-70.8	 -1.9	 3.1
-70.7	 -1.8	 2.5
-70.6	 -2.0	 2.6
-70.5	 -1.8	 2.8
-70.4	 -1.9	 3.3
-70.3	 -1.6	 3.5
-70.2	 -1.8	 2.6
-70.1	 -2.1	 2.8
-70	 -3.0	 4.3
-69.9	 -2.2	 4.4
-69.8	 -2.7	 4.7
-69.7	 -3.2	 4.6
-69.6	 -3.1	 4.6
-69.5	 -3.5	 4.7
-69.4	 -3.9	 4.6
-69.3	 -3.1	 4.6
-69.2	 -3.3	 4.1
-69.1	 -3.8	 4.9
-69	 -3.7	 4.1
-68.9	 -4.7	 3.7
-68.8	 -4.7	 3.5
-68.7	 -4.8	 3.5
-68.6	 -4.9	 3.0
-68.5	 -5.0	 3.4
-68.4	 -5.3	 3.0
-68.3	 -5.1	 3.4
-68.2	 -5.3	 4.0
-68.1	 -5.6	 3.6
-68	 -5.3	 3.4
-67.9	 -5.8	 3.3
-67.8	 -5.4	 4.2
-67.7	 -5.1	 5.1
-67.6	 -4.9	 6.4
-67.5	 -5.4	 7.8
-67.4	 -5.6	 8.4
-67.3	 -3.5	 12.9
-67.2	 -2.7	 11.9
-67.1	 -3.1	 6.4
-67	 -3.3	 6.1
-66.9	 -2.3	 5.7
-66.8	 -1.5	 5.3
-66.7	 -0.7	 4.9
-66.6	 -0.3	 4.0
-66.5	 0.7	 4.0
-66.4	 1.6	 3.8
-66.3	 1.9	 3.5
-66.2	 3.2	 3.8
-66.1	 5.7	 6.5
-66	 8.6	 8.3
-65.9	 7.7	 7.2
-65.8	 9.4	 8.2
-65.7	 11.8	 8.9
-65.6	 12.0	 9.5
-65.5	 13.9	 9.0
-65.4	 14.7	 8.4
-65.3	 16.0	 7.8
-65.2	 17.3	 8.4
-65.1	 17.8	 10.4
-65	 18.3	 10.9
-64.9	 19.5	 11.6
-64.8	 21.2	 11.7
-64.7	 23.0	 12.5
-64.6	 23.8	 13.4
-64.5	 26.1	 12.9
-64.4	 31.1	 7.8
-64.3	 32.8	 7.3
-64.2	 33.3	 6.4
-64.1	 32.1	 9.0
-63.9	 33.9	 7.4
-63.8	 31.8	 10.5
-63.7	 31.9	 10.3
-63.6	 32.1	 10.3
-63.5	 33.1	 9.5
-63.4	 32.6	 9.7
-63.3	 32.2	 7.9
-63.2	 31.2	 7.3
-63.1	 30.3	 7.0
-63	 29.2	 8.1
-62.9	 29.2	 7.7
-62.8	 28.5	 7.7
-62.7	 24.3	 8.6
-62.6	 16.3	 23.1
-62.5	 18.6	 6.8
-62.4	 17.0	 6.8
-62.3	 17.0	 6.0
-62.2	 15.3	 4.9
-62.1	 14.5	 4.6
-62	 13.8	 4.2
-61.9	 13.1	 3.9
-61.8	 12.1	 4.0
-61.7	 10.7	 4.0
-61.6	 9.3	 3.6
-61.5	 8.3	 3.1
-61.4	 7.1	 2.3
-61.3	 6.4	 2.4
-61.2	 5.8	 2.5
-61.1	 4.7	 2.2
-61	 3.8	 2.1
-60.9	 3.9	 1.9
-60.8	 3.3	 2.2
-60.7	 3.2	 2.4
-60.6	 3.3	 2.5
-60.5	 3.2	 2.4
-60.4	 3.2	 2.4
-60.3	 3.0	 2.3
-60.2	 3.0	 2.3
-60.1	 2.9	 2.2
-60	 2.5	 1.9
-59.9	 2.8	 1.7
-59.8	 2.5	 1.8
-59.7	 2.9	 1.9
-59.6	 3.0	 2.0
-59.5	 3.6	 1.7
-59.4	 4.2	 1.7
-59.3	 5.0	 1.8
-59.2	 5.7	 1.6
-59.1	 6.2	 1.7
-59	 7.0	 2.0
-58.9	 7.7	 2.1
-58.8	 8.7	 2.1
-58.7	 9.5	 2.5
-58.6	 10.3	 2.3
-58.5	 11.3	 2.7
-58.4	 12.4	 2.7
-58.3	 13.2	 2.9
-58.2	 14.3	 3.1
-58.1	 15.7	 2.8
-58	 16.9	 2.8
-57.9	 18.2	 3.2
-57.8	 19.0	 3.3
-57.7	 19.9	 3.4
-57.6	 21.2	 3.4
-57.5	 22.0	 3.1
-57.4	 21.9	 3.2
-57.3	 20.9	 3.9
-57.2	 18.4	 6.1
-57.1	 16.2	 6.6
-57	 15.5	 5.2
-56.9	 12.3	 5.5
-56.8	 11.0	 4.9
-56.7	 8.9	 4.7
-56.6	 7.1	 3.6
-56.5	 5.1	 2.3
-56.4	 3.9	 2.1
-56.3	 3.9	 2.0
-56.2	 3.6	 1.7
-56.1	 3.0	 1.7
-56	 2.9	 1.6
-55.9	 2.0	 1.5
-55.8	 1.6	 1.4
-55.7	 1.3	 1.6
-55.6	 0.9	 1.4
-55.5	 0.4	 1.6
-55.4	 -0.4	 1.7
-55.3	 -0.8	 1.5
-55.2	 -0.9	 1.3
-55.1	 -1.8	 1.7
-55	 -1.8	 1.7
-54.9	 -2.9	 1.2
-54.8	 -3.0	 1.2
-54.7	 -3.2	 1.4
-54.6	 -3.5	 1.7
-54.5	 -3.9	 1.8
-54.4	 -4.1	 1.6
-54.3	 -4.5	 1.7
-54.2	 -4.5	 1.7
-54.1	 -4.4	 1.8
-54	 -4.7	 1.9
-53.9	 -5.0	 1.9
-53.8	 -4.9	 2.1
-53.7	 -5.3	 2.1
-53.6	 -5.2	 2.2
-53.5	 -5.5	 2.4
-53.4	 -5.8	 2.2
-53.3	 -5.7	 2.6
-53.2	 -5.9	 2.8
-53.1	 -5.8	 2.6
-53	 -5.7	 2.6
-52.9	 -5.7	 2.5
-52.8	 -5.9	 2.3
-52.7	 -5.8	 2.2
-52.6	 -5.9	 2.2
-52.5	 -5.6	 2.3
-52.4	 -5.9	 2.2
-52.3	 -5.7	 2.3
-52.2	 -5.4	 2.0
-52.1	 -5.4	 2.1
-52	 -5.7	 2.6
-51.9	 -5.7	 3.3
-51.8	 -6.2	 6.7
-51.7	 -7.3	 8.5
-51.6	 -8.3	 8.6
-51.5	 -9.0	 9.2
-51.4	 -6.2	 7.5
-51.3	 -5.0	 7.3
-51.2	 -4.2	 7.1
-51.1	 -2.3	 6.0
-51	 -1.0	 4.3
-50.9	 1.1	 3.7
-50.8	 1.4	 3.4
-50.7	 3.2	 3.0
-50.6	 6.2	 6.8
-50.5	 7.2	 6.9
-50.4	 7.7	 5.6
-50.3	 8.6	 5.5
-50.2	 11.0	 4.3
-50.1	 13.1	 6.7
-50	 16.2	 9.1
-49.9	 19.3	 9.8
-49.8	 19.4	 8.5
-49.7	 19.9	 7.3
-49.6	 20.9	 8.0
-49.5	 20.6	 11.8
-49.4	 23.7	 11.4
-49.3	 31.0	 15.6
-49.2	 31.7	 13.2
-49.1	 34.2	 8.7
-49	 36.8	 10.9
-48.9	 35.5	 9.1
-48.8	 35.7	 12.0
-48.7	 37.9	 8.8
-48.6	 35.3	 15.6
-48.5	 36.1	 10.6
-48.4	 37.3	 8.1
-48.3	 36.7	 7.7
-48.2	 32.7	 10.7
-48.1	 31.1	 10.2
-48	 28.8	 9.6
-47.9	 26.6	 10.2
-47.8	 24.7	 9.0
-47.7	 22.4	 8.9
-47.6	 19.8	 8.4
-47.5	 17.5	 7.0
-47.4	 15.5	 5.4
-47.3	 13.2	 5.2
-47.2	 11.6	 4.4
-47.1	 10.4	 3.6
-47	 9.1	 3.1
-46.9	 8.1	 2.7
-46.8	 6.7	 2.1
-46.7	 5.5	 1.8
-46.6	 4.4	 2.4
-46.5	 3.7	 2.1
-46.4	 3.1	 2.1
-46.3	 2.4	 2.2
-46.2	 0.6	 2.1
-46.1	 -0.8	 2.1
-46	 -2.1	 1.7
-45.9	 -2.7	 1.0
-45.8	 -2.9	 1.3
-45.7	 -3.0	 1.0
-45.6	 -3.7	 1.7
-45.5	 -3.9	 1.8
-45.4	 -4.6	 2.2
-45.3	 -5.8	 2.2
-45.2	 -6.7	 2.4
-45.1	 -7.5	 2.1
-45	 -8.3	 2.0
-44.9	 -9.4	 2.0
-44.8	 -9.9	 2.1
-44.7	 -11.0	 1.8
-44.6	 -11.7	 1.9
-44.5	 -12.1	 2.0
-44.4	 -12.7	 2.3
-44.3	 -12.6	 2.8
-44.2	 -13.1	 3.1
-44.1	 -13.0	 3.7
-44	 -12.8	 3.7
-43.9	 -12.6	 4.0
-43.8	 -13.2	 6.1
-43.7	 -13.8	 6.6
-43.6	 -12.6	 6.0
-43.5	 -12.5	 5.7
-43.4	 -12.6	 6.0
-43.3	 -11.9	 5.7
-43.2	 -11.0	 6.0
-43.1	 -9.0	 5.3
-43	 -8.2	 5.4
-42.9	 -7.3	 4.8
-42.8	 -5.2	 3.8
-42.7	 -4.5	 3.8
-42.6	 -3.9	 4.2
-42.5	 0.0	 5.4
-42.4	 1.9	 6.0
-42.3	 3.8	 6.7
-42.2	 4.7	 6.7
-42.1	 9.2	 9.8
-42	 10.4	 9.7
-41.9	 10.6	 9.7
-41.8	 13.3	 9.5
-41.7	 16.6	 11.6
-41.6	 18.3	 11.3
-41.5	 18.1	 10.8
-41.4	 17.4	 9.1
-41.3	 17.2	 6.4
-41.2	 18.1	 5.2
-41.1	 19.2	 4.6
-41	 20.0	 4.7
-40.9	 20.7	 3.6
-40.8	 21.9	 2.6
-40.7	 23.3	 2.4
-40.6	 24.0	 1.7
-40.5	 25.0	 2.0
-40.4	 26.0	 2.0
-40.3	 27.7	 2.0
-40.2	 28.9	 2.0
-40.1	 31.2	 2.2
-40	 32.8	 2.5
-39.9	 35.1	 2.0
-39.8	 36.9	 1.9
-39.7	 39.3	 1.7
-39.6	 40.7	 2.1
-39.5	 41.7	 1.3
-39.4	 42.5	 1.8
-39.3	 42.6	 2.0
-39.2	 42.5	 2.0
-39.1	 41.5	 2.5
-39	 39.5	 3.1
-38.9	 37.7	 3.0
-38.8	 35.7	 2.9
-38.7	 33.8	 2.7
-38.6	 31.8	 3.0
-38.5	 29.8	 2.6
-38.4	 27.7	 1.8
-38.3	 25.8	 1.8
-38.2	 23.8	 2.9
-38.1	 20.9	 4.1
-38	 19.0	 4.4
-37.9	 18.0	 4.3
-37.8	 16.6	 3.9
-37.7	 15.3	 3.6
-37.6	 14.1	 3.4
-37.5	 13.1	 3.1
-37.4	 12.5	 2.8
-37.3	 10.6	 2.5
-37.2	 10.0	 2.2
-37.1	 8.6	 2.5
-37	 7.3	 2.6
-36.9	 5.2	 2.3
-36.8	 4.4	 2.4
-36.7	 3.9	 2.1
-36.6	 3.1	 1.9
-36.5	 2.6	 1.7
-36.4	 2.0	 2.8
-36.3	 -0.7	 4.8
-36.2	 -2.7	 5.3
-36.1	 -5.3	 7.6
-36	 -6.5	 9.2
-35.9	 -7.4	 9.0
-35.8	 -8.0	 9.6
-35.7	 -8.0	 9.9
-35.6	 -8.3	 9.4
-35.5	 -8.4	 8.4
-35.4	 -7.9	 6.9
-35.3	 -6.2	 6.1
-35.2	 -6.1	 5.9
-35.1	 -5.2	 5.2
-35	 -3.9	 5.1
-34.9	 -2.6	 4.5
-34.8	 -1.4	 4.2
-34.7	 0.2	 4.2
-34.6	 2.5	 3.0
-34.5	 3.3	 2.6
-34.4	 4.7	 2.8
-34.3	 6.4	 3.3
-34.2	 8.7	 4.4
-34.1	 10.8	 6.3
-34	 14.4	 8.0
-33.9	 16.8	 10.0
-33.8	 21.0	 10.8
-33.7	 23.4	 12.0
-33.6	 25.9	 13.3
-33.5	 28.9	 14.0
-33.4	 29.9	 13.4
-33.3	 31.1	 12.2
-33.2	 32.6	 11.4
-33.1	 33.3	 10.2
-33	 33.7	 9.6
-32.9	 33.6	 7.9
-32.8	 33.9	 7.0
-32.7	 33.9	 6.1
-32.6	 34.0	 5.2
-32.5	 34.1	 4.4
-32.4	 34.0	 4.1
-32.3	 34.2	 3.7
-32.2	 33.8	 3.1
-32.1	 33.8	 3.3
-32	 32.8	 3.8
-31.9	 31.7	 4.0
-31.8	 30.3	 4.8
-31.7	 29.5	 4.9
-31.6	 28.0	 5.8
-31.5	 26.8	 5.7
-31.4	 25.0	 5.8
-31.3	 23.2	 4.9
-31.2	 21.5	 4.7
-31.1	 19.1	 5.2
-31	 17.7	 4.9
-30.9	 15.3	 6.1
-30.8	 12.6	 6.1
-30.7	 11.0	 5.5
-30.6	 9.1	 4.8
-30.5	 8.3	 4.0
-30.4	 6.0	 4.1
-30.3	 3.8	 4.1
-30.2	 1.9	 4.8
-30.1	 0.0	 5.3
-30	 -2.3	 3.9
-29.9	 -2.7	 4.0
-29.8	 -4.1	 3.3
-29.7	 -5.6	 3.5
-29.6	 -7.5	 4.1
-29.5	 -8.3	 4.9
-29.4	 -9.3	 5.7
-29.3	 -11.1	 6.7
-29.2	 -13.3	 6.7
-29.1	 -13.0	 6.8
-29	 -14.2	 7.0
-28.9	 -14.4	 6.6
-28.8	 -14.9	 6.3
-28.7	 -16.1	 5.6
-28.6	 -16.0	 5.7
-28.5	 -15.8	 5.7
-28.4	 -14.3	 4.6
-28.3	 -13.3	 4.0
-28.2	 -12.1	 3.6
-28.1	 -11.3	 4.1
-28	 -9.6	 3.5
-27.9	 -8.6	 3.8
-27.8	 -6.6	 4.6
-27.7	 -6.0	 4.1
-27.6	 -5.7	 3.9
-27.5	 -4.7	 3.5
-27.4	 -2.6	 4.2
-27.3	 -1.0	 3.9
-27.2	 1.4	 4.8
-27.1	 3.1	 4.9
-27	 5.1	 4.6
-26.9	 8.9	 3.9
-26.8	 10.1	 4.7
-26.7	 13.0	 7.0
-26.6	 15.6	 9.5
-26.5	 18.8	 11.0
-26.4	 22.1	 12.5
-26.3	 24.1	 12.4
-26.2	 24.3	 11.8
-26.1	 24.5	 11.1
-26	 24.3	 10.7
-25.9	 23.3	 8.5
-25.8	 22.9	 6.3
-25.7	 23.7	 5.4
-25.6	 23.7	 4.8
-25.5	 24.0	 5.0
-25.4	 25.2	 4.7
-25.3	 26.2	 4.9
-25.2	 27.1	 5.0
-25.1	 27.4	 4.1
-25	 28.6	 3.8
-24.9	 29.3	 3.4
-24.8	 29.5	 2.8
-24.7	 30.7	 2.5
-24.6	 31.8	 2.6
-24.5	 33.5	 2.8
-24.4	 35.1	 2.3
-24.3	 36.7	 2.5
-24.2	 37.4	 9.2
-24.1	 40.6	 8.7
-24	 44.9	 2.3
-23.9	 45.2	 10.1
-23.8	 48.1	 2.3
-23.7	 47.8	 3.7
-23.6	 46.3	 5.4
-23.5	 43.1	 9.1
-23.4	 40.4	 9.2
-23.3	 35.7	 12.6
-23.2	 32.6	 14.1
-23.1	 30.7	 12.5
-23	 27.8	 13.0
-22.9	 27.5	 10.4
-22.8	 25.4	 10.5
-22.7	 24.6	 8.2
-22.6	 22.7	 10.6
-22.5	 20.0	 12.3
-22.4	 19.2	 10.3
-22.3	 17.2	 9.0
-22.2	 17.8	 2.8
-22.1	 16.0	 2.6
-22	 14.8	 2.6
-21.9	 12.8	 4.0
-21.8	 10.3	 5.8
-21.7	 9.8	 5.3
-21.6	 9.1	 4.2
-21.5	 6.9	 5.5
-21.4	 5.9	 4.7
-21.3	 4.8	 4.2
-21.2	 3.2	 3.6
-21.1	 2.1	 4.3
-21	 0.7	 3.9
-20.9	 -1.8	 4.2
-20.8	 -3.1	 3.2
-20.7	 -3.8	 2.3
-20.6	 -5.1	 2.3
-20.5	 -6.3	 2.5
-20.4	 -9.5	 9.5
-20.3	 -10.7	 8.8
-20.2	 -12.2	 8.0
-20.1	 -15.0	 8.0
-20	 -17.6	 8.7
-19.9	 -19.5	 9.4
-19.8	 -22.1	 9.4
-19.7	 -23.5	 10.5
-19.6	 -24.2	 9.6
-19.5	 -24.5	 7.8
-19.4	 -25.4	 7.7
-19.3	 -27.6	 8.6
-19.2	 -28.2	 8.4
-19.1	 -28.1	 8.2
-19	 -29.5	 8.3
-18.9	 -31.3	 8.9
-18.8	 -34.6	 9.0
-18.7	 -37.3	 7.8
-18.6	 -39.7	 7.3
-18.5	 -42.7	 5.9
-18.4	 -44.8	 5.7
-18.3	 -47.6	 6.7
-18.2	 -49.4	 7.2
-18.1	 -54.3	 13.6
-18	 -56.9	 14.5
-17.9	 -58.3	 17.8
-17.8	 -59.8	 17.2
-17.7	 -60.9	 19.0
-17.6	 -61.9	 18.2
-17.5	 -59.6	 10.6
-17.4	 -62.0	 18.4
-17.3	 -60.2	 20.0
-17.2	 -59.4	 20.3
-17.1	 -59.2	 21.5
-17	 -59.7	 18.6
-16.9	 -55.0	 12.0
-16.8	 -50.8	 23.0
-16.7	 -48.6	 23.6
-16.6	 -50.9	 12.8
-16.5	 -50.2	 11.1
-16.4	 -48.5	 9.6
-16.3	 -46.0	 9.2
-16.2	 -43.4	 8.9
-16.1	 -40.8	 8.4
-16	 -39.9	 8.0
-15.9	 -38.1	 7.3
-15.8	 -35.9	 7.7
-15.7	 -34.0	 7.4
-15.6	 -32.5	 7.7
-15.5	 -30.8	 6.9
-15.4	 -29.4	 5.6
-15.3	 -28.7	 5.7
-15.2	 -26.2	 7.8
-15.1	 -29.8	 30.6
-15	 -28.8	 36.0
-14.9	 -24.7	 36.0
-14.8	 -16.6	 3.6
-14.7	 -14.4	 3.8
-14.6	 -5.9	 37.7
-14.5	 -5.0	 39.1
-14.4	 -13.3	 43.2
-14.3	 0.0	 24.1
-14.2	 1.0	 23.8
-14.1	 -1.6	 16.1
-14	 -0.9	 15.7
-13.9	 4.8	 51.3
-13.8	 1.9	 30.9
-13.7	 -9.3	 29.3
-13.6	 -7.7	 30.8
-13.5	 -4.0	 27.1
-13.4	 -1.8	 27.4
-13.3	 5.5	 4.6
-13.2	 7.0	 5.2
-13.1	 7.1	 5.3
-13	 9.6	 4.3
-12.9	 10.2	 4.6
-12.8	 11.2	 4.6
-12.7	 11.8	 6.0
-12.6	 12.4	 6.3
-12.5	 13.1	 7.5
-12.4	 14.0	 7.5
-12.3	 14.9	 8.0
-12.2	 15.3	 8.4
-12.1	 15.5	 7.9
-12	 15.5	 8.3
-11.9	 14.4	 10.4
-11.8	 16.8	 9.9
-11.7	 17.8	 10.1
-11.6	 18.6	 10.7
-11.5	 17.1	 11.6
-11.4	 17.3	 11.5
-11.3	 18.8	 10.6
-11.2	 21.0	 8.4
-11.1	 21.1	 7.4
-11	 21.6	 7.3
-10.9	 22.7	 7.2
-10.8	 24.5	 7.0
-10.7	 26.1	 5.9
-10.6	 27.1	 5.8
-10.5	 28.6	 5.3
-10.4	 30.2	 4.8
-10.3	 31.6	 4.8
-10.2	 33.4	 4.7
-10.1	 35.7	 4.5
-10	 37.4	 5.1
-9.9	 40.1	 6.6
-9.8	 44.0	 10.2
-9.7	 47.9	 11.9
-9.6	 50.0	 11.9
-9.5	 51.8	 12.2
-9.4	 53.9	 10.9
-9.3	 57.2	 11.7
-9.2	 59.5	 11.1
-9.1	 61.7	 10.5
-9	 63.8	 10.3
-8.9	 65.8	 10.0
-8.8	 67.9	 9.8
-8.7	 70.4	 8.8
-8.6	 72.9	 8.5
-8.5	 75.0	 8.1
-8.4	 78.0	 6.5
-8.3	 80.5	 6.0
-8.2	 83.3	 5.9
-8.1	 86.4	 6.2
-8	 89.9	 6.2
-7.9	 93.5	 6.5
-7.8	 96.8	 7.7
-7.7	 100.7	 8.7
-7.6	 104.2	 8.6
-7.5	 107.3	 7.5
-7.4	 111.0	 7.2
-7.3	 114.4	 6.9
-7.2	 118.0	 7.2
-7.1	 121.4	 6.2
-7	 124.7	 5.9
-6.9	 128.1	 6.4
-6.8	 130.1	 5.9
-6.7	 131.8	 5.9
-6.6	 132.9	 5.9
-6.5	 134.6	 6.3
-6.4	 135.5	 6.6
-6.3	 136.4	 7.0
-6.2	 136.9	 6.5
-6.1	 136.7	 6.0
-6	 136.2	 5.8
-5.9	 135.6	 5.9
-5.8	 135.4	 5.9
-5.7	 135.0	 5.5
-5.6	 134.6	 5.2
-5.5	 133.7	 5.7
-5.4	 132.7	 5.6
-5.3	 131.4	 6.4
-5.2	 130.0	 6.4
-5.1	 128.2	 6.1
-5	 126.2	 6.4
-4.9	 124.0	 7.1
-4.8	 121.5	 7.5
-4.7	 118.1	 8.3
-4.6	 115.5	 8.8
-4.5	 113.3	 8.6
-4.4	 111.5	 8.5
-4.3	 109.3	 9.1
-4.2	 106.3	 9.8
-4.1	 103.5	 10.6
-4	 101.7	 10.2
-3.9	 100.6	 9.6
-3.8	 98.5	 9.1
-3.7	 96.7	 8.7
-3.6	 96.6	 10.0
-3.5	 95.4	 8.4
-3.4	 93.5	 5.6
-3.3	 91.9	 4.8
-3.2	 90.7	 4.1
-3.1	 89.5	 4.0
-3	 88.2	 4.5
-2.9	 86.3	 3.9
-2.8	 85.2	 4.6
-2.7	 83.2	 3.3
-2.6	 82.8	 3.5
-2.5	 82.2	 3.2
-2.4	 81.1	 3.0
-2.3	 80.3	 3.0
-2.2	 79.4	 2.9
-2.1	 78.5	 3.4
-2	 77.6	 3.6
-1.9	 76.8	 3.1
-1.8	 76.4	 3.4
-1.7	 75.7	 3.3
-1.6	 75.4	 3.7
-1.5	 74.7	 3.9
-1.4	 73.9	 3.9
-1.3	 73.7	 3.4
-1.2	 73.7	 3.2
-1.1	 73.7	 3.2
-1	 73.0	 3.3
-0.9	 72.5	 3.2
-0.8	 72.2	 3.5
-0.7	 72.3	 3.2
-0.6	 72.4	 3.1
-0.5	 72.2	 2.9
-0.4	 71.9	 2.7
-0.3	 71.8	 2.9
-0.2	 72.1	 2.9
-0.1	 72.2	 3.4
0	 72.5	 3.6
0.1	 72.1	 3.7
0.2	 72.1	 3.7
0.3	 72.4	 4.1
0.4	 72.4	 4.9
0.5	 72.6	 5.0
0.6	 72.4	 5.0
0.7	 73.0	 4.8
0.8	 73.7	 4.2
0.9	 74.1	 3.9
1	 74.6	 3.8
1.1	 74.8	 3.6
1.2	 75.2	 3.9
1.3	 75.5	 4.7
1.4	 75.5	 4.6
1.5	 76.1	 5.0
1.6	 76.5	 4.6
1.7	 76.8	 4.7
1.8	 76.9	 4.5
1.9	 77.0	 4.3
2	 77.0	 4.4
2.1	 77.8	 4.2
2.2	 78.6	 4.2
2.3	 79.8	 4.2
2.4	 80.9	 3.8
2.5	 81.5	 4.2
2.6	 82.6	 4.7
2.7	 82.6	 5.2
2.8	 83.2	 6.0
2.9	 86.3	 10.4
3	 85.9	 6.3
3.1	 86.8	 5.9
3.2	 87.5	 5.0
3.3	 88.0	 4.8
3.4	 88.5	 4.7
3.5	 88.8	 5.0
3.6	 89.5	 4.9
3.7	 90.5	 5.3
3.8	 90.7	 6.0
3.9	 91.5	 7.0
4	 92.6	 7.3
4.1	 93.6	 7.7
4.2	 95.6	 8.3
4.3	 96.9	 9.4
4.4	 97.1	 9.2
4.5	 97.0	 8.9
4.6	 98.1	 9.1
4.7	 99.6	 8.7
4.8	 100.4	 9.5
4.9	 101.4	 10.7
5	 102.7	 11.7
5.1	 103.8	 13.0
5.2	 104.4	 14.3
5.3	 106.6	 15.1
5.4	 109.1	 15.3
5.5	 110.2	 15.4
5.6	 110.1	 14.9
5.7	 111.1	 16.9
5.8	 111.8	 19.9
5.9	 112.9	 20.4
6	 113.9	 20.5
6.1	 111.7	 19.6
6.2	 113.4	 20.9
6.3	 112.1	 21.0
6.4	 111.6	 20.9
6.5	 109.1	 20.6
6.6	 103.3	 15.7
6.7	 101.7	 13.1
6.8	 100.7	 9.9
6.9	 99.8	 9.7
7	 99.4	 10.1
7.1	 98.9	 9.4
7.2	 97.9	 7.4
7.3	 96.9	 6.5
7.4	 95.8	 5.3
7.5	 95.4	 4.7
7.6	 94.9	 4.6
7.7	 94.6	 4.4
7.8	 94.1	 4.6
7.9	 92.8	 5.2
8	 91.9	 5.1
8.1	 90.5	 5.2
8.2	 89.3	 5.6
8.3	 88.2	 6.0
8.4	 87.6	 5.6
8.5	 85.7	 5.1
8.6	 83.3	 5.0
8.7	 81.1	 5.2
8.8	 79.3	 5.1
8.9	 77.2	 4.9
9	 75.2	 4.4
9.1	 73.9	 4.6
9.2	 71.9	 5.2
9.3	 69.0	 5.0
9.4	 66.6	 5.4
9.5	 64.3	 5.4
9.6	 62.4	 6.0
9.7	 59.8	 6.5
9.8	 57.7	 7.0
9.9	 55.9	 7.8
10	 54.5	 8.5
10.1	 52.1	 9.2
10.2	 50.9	 9.6
10.3	 49.9	 9.6
10.4	 49.1	 8.3
10.5	 48.6	 8.7
10.6	 47.5	 8.4
10.7	 46.7	 7.9
10.8	 44.8	 7.5
10.9	 43.0	 8.2
11	 41.4	 8.0
11.1	 39.7	 7.8
11.2	 38.1	 6.9
11.3	 36.5	 5.5
11.4	 34.7	 5.2
11.5	 32.8	 4.9
11.6	 30.9	 4.3
11.7	 28.4	 3.3
11.8	 26.2	 3.2
11.9	 23.1	 4.2
12	 21.1	 4.2
12.1	 19.0	 4.7
12.2	 16.6	 4.9
12.3	 14.7	 4.9
12.4	 12.7	 4.9
12.5	 11.3	 5.0
12.6	 10.3	 4.9
12.7	 8.6	 4.4
12.8	 7.6	 3.9
12.9	 6.3	 4.1
13	 4.2	 4.1
13.1	 3.0	 3.7
13.2	 0.4	 3.6
13.3	 -1.3	 4.1
13.4	 -4.5	 3.8
13.5	 -5.0	 3.9
13.6	 -5.4	 3.7
13.7	 -6.6	 3.8
13.8	 -7.1	 4.0
13.9	 -8.6	 4.2
14	 -9.9	 4.1
14.1	 -11.0	 4.7
14.2	 -12.1	 4.4
14.3	 -13.9	 4.6
14.4	 -15.0	 4.6
14.5	 -16.6	 4.5
14.6	 -17.2	 4.4
14.7	 -18.3	 4.5
14.8	 -19.1	 4.4
14.9	 -19.2	 5.1
15	 -19.6	 5.2
15.1	 -20.1	 5.1
15.2	 -19.6	 5.7
15.3	 -19.3	 5.8
15.4	 -18.7	 5.5
15.5	 -18.6	 5.0
15.6	 -18.8	 5.3
15.7	 -18.0	 4.8
15.8	 -17.6	 4.8
15.9	 -16.7	 5.2
16	 -15.5	 4.8
16.1	 -13.5	 4.7
16.2	 -12.2	 4.7
16.3	 -10.7	 4.4
16.4	 -9.9	 3.0
16.5	 -8.3	 3.5
16.6	 -6.2	 3.3
16.7	 -5.2	 2.3
16.8	 -4.4	 3.3
16.9	 -3.0	 2.8
17	 -1.4	 4.0
17.1	 0.5	 4.0
17.2	 3.6	 3.3
17.3	 5.4	 3.4
17.4	 6.9	 4.4
17.5	 9.2	 5.2
17.6	 11.3	 6.3
17.7	 13.7	 7.7
17.8	 16.9	 8.6
17.9	 20.8	 8.4
18	 25.4	 8.6
18.1	 32.2	 7.8
18.2	 36.1	 7.6
18.3	 42.0	 4.7
18.4	 45.4	 5.2
18.5	 49.9	 5.5
18.6	 53.6	 5.9
18.7	 57.3	 7.3
18.8	 60.5	 17.0
18.9	 68.4	 4.5
19	 72.0	 4.5
19.1	 77.0	 4.1
19.2	 81.8	 4.3
19.3	 86.0	 4.4
19.4	 90.7	 4.6
19.5	 94.3	 6.3
19.6	 99.7	 4.2
19.7	 102.7	 3.5
19.8	 105.4	 3.2
19.9	 107.9	 3.4
20	 110.3	 3.4
20.1	 112.4	 3.6
20.2	 113.6	 3.5
20.3	 116.1	 3.4
20.4	 117.7	 4.0
20.5	 120.8	 3.5
20.6	 123.5	 3.3
20.7	 126.3	 3.8
20.8	 129.0	 3.2
20.9	 132.5	 2.8
21	 134.6	 3.3
21.1	 135.5	 3.2
21.2	 136.2	 3.3
21.3	 136.1	 3.7
21.4	 134.9	 3.5
21.5	 133.3	 4.5
21.6	 131.0	 4.6
21.7	 128.9	 4.6
21.8	 125.9	 4.3
21.9	 123.3	 3.7
22	 120.3	 3.2
22.1	 116.8	 3.8
22.2	 113.4	 4.3
22.3	 108.0	 5.7
22.4	 102.6	 3.5
22.5	 98.4	 2.9
22.6	 95.0	 2.9
22.7	 91.7	 2.9
22.8	 89.0	 3.4
22.9	 86.2	 4.1
23	 83.8	 3.7
23.1	 80.9	 3.5
23.2	 78.0	 3.8
23.3	 74.5	 5.1
23.4	 71.8	 5.9
23.5	 70.0	 6.6
23.6	 67.7	 6.3
23.7	 63.5	 5.7
23.8	 58.0	 6.7
23.9	 54.4	 6.2
24	 49.5	 5.1
24.1	 44.5	 4.5
24.2	 39.9	 3.7
24.3	 35.4	 4.0
24.4	 32.5	 4.0
24.5	 29.3	 3.1
24.6	 25.0	 3.2
24.7	 21.8	 3.8
24.8	 19.9	 3.7
24.9	 17.9	 3.8
25	 16.0	 3.9
25.1	 13.0	 3.9
25.2	 11.4	 4.2
25.3	 10.0	 4.3
25.4	 8.7	 4.4
25.5	 7.9	 4.8
25.6	 7.2	 5.8
25.7	 8.1	 8.1
25.8	 7.6	 7.2
25.9	 7.2	 8.2
26	 6.1	 9.3
26.1	 4.1	 8.5
26.2	 -0.4	 6.4
26.3	 -2.9	 4.1
26.4	 -5.2	 2.0
26.5	 -6.4	 2.8
26.6	 -7.4	 2.6
26.7	 -9.4	 3.1
26.8	 -11.1	 3.0
26.9	 -13.1	 3.2
27	 -14.9	 3.2
27.1	 -16.0	 3.6
27.2	 -16.9	 3.0
27.3	 -18.9	 4.5
27.4	 -20.5	 3.9
27.5	 -21.4	 3.7
27.6	 -22.5	 4.0
27.7	 -23.7	 4.5
27.8	 -24.8	 5.1
27.9	 -24.5	 4.4
28	 -24.1	 3.1
28.1	 -23.7	 2.9
28.2	 -23.4	 2.5
28.3	 -22.7	 2.7
28.4	 -21.9	 3.1
28.5	 -21.1	 2.8
28.6	 -19.6	 3.5
28.7	 -18.3	 3.4
28.8	 -16.9	 3.4
28.9	 -16.0	 3.4
29	 -15.3	 3.0
29.1	 -14.6	 3.4
29.2	 -13.0	 2.8
29.3	 -11.8	 2.4
29.4	 -10.2	 2.4
29.5	 -8.9	 2.4
29.6	 -7.0	 2.3
29.7	 -6.1	 2.7
29.8	 -5.1	 2.2
29.9	 -3.7	 2.5
30	 -1.1	 3.9
30.1	 3.0	 2.8
30.2	 5.2	 2.7
30.3	 7.3	 2.3
30.4	 9.5	 2.8
30.5	 12.2	 2.6
30.6	 16.1	 2.9
30.7	 19.0	 2.7
30.8	 22.2	 2.7
30.9	 24.5	 2.3
31	 26.6	 2.5
31.1	 28.8	 2.2
31.2	 30.6	 2.2
31.3	 31.4	 2.8
31.4	 31.8	 2.6
31.5	 31.8	 2.6
31.6	 31.8	 2.4
31.7	 31.6	 2.6
31.8	 31.1	 2.7
31.9	 29.8	 2.8
32	 29.1	 2.7
32.1	 27.3	 2.9
32.2	 25.9	 2.7
32.3	 24.6	 3.3
32.4	 23.7	 3.5
32.5	 22.5	 3.4
32.6	 21.1	 4.3
32.7	 20.7	 6.1
32.8	 19.9	 7.6
32.9	 19.5	 8.8
33	 19.5	 10.3
33.1	 17.5	 10.3
33.2	 17.5	 10.8
33.3	 16.3	 12.3
33.4	 17.0	 12.3
33.5	 15.2	 12.7
33.6	 13.4	 10.6
33.7	 10.3	 9.3
33.8	 6.9	 5.3
33.9	 4.2	 3.2
34	 1.0	 3.1
34.1	 -0.9	 3.5
34.2	 -3.5	 4.7
34.3	 -3.8	 4.3
34.4	 -4.2	 3.6
34.5	 -4.8	 3.3
34.6	 -5.7	 2.7
34.7	 -6.6	 3.0
34.8	 -7.4	 3.4
34.9	 -8.6	 3.9
35	 -9.1	 3.7
35.1	 -11.6	 9.4
35.2	 -14.6	 10.7
35.3	 -14.0	 9.2
35.4	 -14.2	 8.7
35.5	 -14.7	 9.2
35.6	 -13.2	 6.6
35.7	 -13.3	 7.2
35.8	 -13.9	 8.9
35.9	 -13.6	 7.9
36	 -13.5	 7.2
36.1	 -13.1	 6.3
36.2	 -11.5	 5.0
36.3	 -11.1	 4.4
36.4	 -10.4	 4.1
36.5	 -9.3	 3.6
36.6	 -8.5	 2.9
36.7	 -7.5	 3.1
36.8	 -6.8	 2.9
36.9	 -6.1	 2.9
37	 -5.1	 2.4
37.1	 -4.2	 2.6
37.2	 -3.7	 3.0
37.3	 -3.1	 2.8
37.4	 -2.2	 3.4
37.5	 -0.9	 3.4
37.6	 0.5	 3.3
37.7	 1.9	 3.3
37.8	 3.3	 2.5
37.9	 4.0	 2.1
38	 4.7	 2.6
38.1	 6.0	 3.1
38.2	 8.0	 3.4
38.3	 9.4	 3.1
38.4	 11.1	 3.4
38.5	 12.8	 4.1
38.6	 14.1	 4.7
38.7	 16.3	 3.7
38.8	 17.1	 4.4
38.9	 17.9	 4.5
39	 18.1	 4.3
39.1	 18.6	 3.5
39.2	 17.6	 3.7
39.3	 15.6	 4.2
39.4	 14.3	 3.6
39.5	 12.6	 4.0
39.6	 11.1	 3.1
39.7	 10.2	 3.1
39.8	 8.7	 2.3
39.9	 7.8	 2.3
40	 7.6	 3.9
40.1	 5.9	 2.5
40.2	 4.9	 3.0
40.3	 3.7	 2.4
40.4	 3.5	 2.1
40.5	 2.1	 3.2
40.6	 1.0	 3.1
40.7	 1.3	 2.9
40.8	 0.1	 3.1
40.9	 -1.1	 3.2
41	 -1.1	 3.5
41.1	 -1.1	 3.2
41.2	 -1.3	 2.7
41.3	 -1.0	 2.8
41.4	 -0.8	 3.1
41.5	 0.4	 2.5
41.6	 0.5	 2.9
41.7	 0.5	 2.5
41.8	 1.2	 2.6
41.9	 1.3	 3.3
42	 1.8	 2.4
42.1	 2.8	 2.0
42.2	 3.5	 1.6
42.3	 5.1	 1.6
42.4	 5.6	 2.2
42.5	 6.9	 2.3
42.6	 8.1	 2.5
42.7	 9.9	 2.9
42.8	 11.3	 2.7
42.9	 12.3	 2.4
43	 13.1	 2.5
43.1	 13.9	 2.8
43.2	 14.5	 2.6
43.3	 14.5	 2.4
43.4	 14.4	 2.5
43.5	 14.1	 2.7
43.6	 13.6	 2.9
43.7	 12.8	 2.5
43.8	 11.9	 2.4
43.9	 11.1	 2.6
44	 9.7	 2.5
44.1	 8.4	 2.5
44.2	 7.8	 2.5
44.3	 8.3	 3.8
44.4	 6.8	 2.5
44.5	 5.7	 2.4
44.6	 4.3	 2.9
44.7	 3.9	 4.0
44.8	 1.8	 3.5
44.9	 1.1	 4.1
45	 1.4	 6.3
45.1	 0.7	 7.4
45.2	 0.2	 6.8
45.3	 -0.6	 3.6
45.4	 -1.1	 2.7
45.5	 -1.2	 3.0
45.6	 -1.6	 3.1
45.7	 -1.7	 3.3
45.8	 -1.7	 3.1
45.9	 -1.5	 2.8
46	 -1.6	 2.8
46.1	 -1.9	 2.4
46.2	 -2.7	 2.4
46.3	 -3.1	 2.2
46.4	 -3.2	 1.9
46.5	 -3.3	 1.5
46.6	 -3.5	 1.6
46.7	 -3.8	 1.9
46.8	 -4.0	 1.8
46.9	 -4.1	 1.9
47	 -3.9	 1.8
47.1	 -4.1	 2.0
47.2	 -4.4	 2.2
47.3	 -4.8	 2.4
47.4	 -4.9	 2.4
47.5	 -4.8	 2.4
47.6	 -4.9	 2.3
47.7	 -5.0	 2.4
47.8	 -5.5	 2.3
47.9	 -5.6	 2.3
48	 -5.4	 2.3
48.1	 -5.4	 2.3
48.2	 -5.4	 2.2
48.3	 -5.2	 2.2
48.4	 -5.6	 2.0
48.5	 -5.4	 2.4
48.6	 -5.2	 2.3
48.7	 -4.7	 1.9
48.8	 -4.9	 2.0
48.9	 -4.8	 2.1
49	 -4.0	 1.4
49.1	 -4.0	 1.6
49.2	 -3.9	 1.6
49.3	 -3.7	 1.5
49.4	 -3.7	 1.8
49.5	 -3.4	 1.6
49.6	 -3.3	 1.5
49.7	 -3.1	 1.2
49.8	 -2.2	 1.7
49.9	 -2.1	 1.6
50	 -1.4	 2.2
50.1	 -0.8	 2.1
50.2	 0.6	 2.8
50.3	 1.1	 2.8
50.4	 2.3	 2.4
50.5	 2.9	 2.5
50.6	 3.2	 2.5
50.7	 4.2	 2.3
50.8	 4.3	 2.3
50.9	 5.6	 1.8
51	 6.4	 2.2
51.1	 7.4	 2.1
51.2	 8.1	 2.4
51.3	 9.0	 2.4
51.4	 10.4	 2.5
51.5	 12.3	 2.7
51.6	 13.4	 3.0
51.7	 14.9	 3.0
51.8	 16.4	 2.9
51.9	 17.5	 2.7
52	 18.6	 2.6
52.1	 19.4	 2.3
52.2	 19.9	 2.5
52.3	 19.9	 2.2
52.4	 19.5	 2.4
52.5	 19.0	 2.5
52.6	 18.1	 2.6
52.7	 16.6	 3.0
52.8	 15.0	 2.7
52.9	 13.5	 2.9
53	 11.8	 2.5
53.1	 10.3	 2.5
53.2	 9.0	 2.3
53.3	 7.8	 1.9
53.4	 6.6	 1.9
53.5	 5.5	 1.9
53.6	 5.2	 2.0
53.7	 4.2	 2.2
53.8	 3.5	 2.4
53.9	 2.9	 2.6
54	 2.1	 2.6
54.1	 0.8	 2.6
54.2	 -0.8	 3.1
54.3	 -1.2	 2.9
54.4	 -1.6	 3.1
54.5	 -1.8	 3.1
54.6	 -2.4	 3.1
54.7	 -2.7	 3.2
54.8	 -3.0	 2.6
54.9	 -3.1	 2.1
55	 -3.3	 2.2
55.1	 -3.4	 1.9
55.2	 -3.1	 1.7
55.3	 -3.4	 1.8
55.4	 -3.4	 1.8
55.5	 -3.6	 1.8
55.6	 -4.0	 2.1
55.7	 -4.1	 2.1
55.8	 -4.3	 2.3
55.9	 -4.4	 2.4
56	 -4.6	 2.1
56.1	 -4.4	 1.8
56.2	 -4.4	 1.8
56.3	 -4.0	 1.8
56.4	 -4.1	 1.8
56.5	 -4.2	 1.9
56.6	 -4.7	 2.0
56.7	 -4.5	 2.1
56.8	 -4.8	 2.2
56.9	 -4.4	 2.1
57	 -4.1	 1.8
57.1	 -4.0	 1.9
57.2	 -3.9	 1.7
57.3	 -3.7	 1.8
57.4	 -3.7	 1.8
57.5	 -3.6	 1.7
57.6	 -3.7	 1.8
57.7	 -3.7	 1.8
57.8	 -3.8	 2.0
57.9	 -3.6	 1.6
58	 -3.7	 1.9
58.1	 -3.6	 2.1
58.2	 -3.2	 2.4
58.3	 -2.8	 2.3
58.4	 -2.5	 2.0
58.5	 -2.1	 1.6
58.6	 -2.1	 1.9
58.7	 -1.9	 1.9
58.8	 -1.6	 2.8
58.9	 -0.6	 3.1
59	 -0.1	 3.2
59.1	 0.9	 2.4
59.2	 1.9	 1.5
59.3	 2.8	 1.8
59.4	 3.5	 2.3
59.5	 4.3	 2.6
59.6	 5.3	 2.4
59.7	 6.4	 2.6
59.8	 7.2	 2.3
59.9	 7.5	 2.5
60	 8.4	 2.5
60.1	 9.3	 2.5
60.2	 10.3	 2.5
60.3	 11.3	 3.0
60.4	 12.3	 3.0
60.5	 13.7	 2.8
60.6	 15.4	 2.7
60.7	 16.0	 2.7
60.8	 16.7	 2.7
60.9	 16.9	 2.3
61	 17.7	 2.2
61.1	 17.6	 2.3
61.2	 17.5	 2.4
61.3	 17.3	 2.4
61.4	 16.9	 2.2
61.5	 16.3	 2.3
61.6	 15.2	 2.2
61.7	 14.3	 2.3
61.8	 13.0	 2.3
61.9	 11.9	 2.3
62	 10.7	 2.2
62.1	 9.5	 2.3
62.2	 8.6	 2.3
62.3	 8.2	 1.8
62.4	 7.3	 1.7
62.5	 6.9	 1.9
62.6	 6.7	 1.7
62.7	 6.1	 1.5
62.8	 5.8	 1.4
62.9	 5.3	 1.4
63	 5.0	 1.3
63.1	 5.0	 1.3
63.2	 4.9	 1.3
63.3	 5.4	 1.5
63.4	 5.5	 1.5
63.5	 6.0	 1.6
63.6	 6.1	 1.5
63.7	 6.7	 1.6
63.8	 7.3	 1.9
63.9	 8.0	 2.2
64	 8.2	 2.0
64.1	 8.6	 2.1
64.2	 9.2	 2.3
64.3	 9.4	 2.0
64.4	 9.3	 2.2
64.5	 9.8	 2.3
64.6	 10.8	 2.4
64.7	 12.5	 3.3
64.8	 14.0	 4.0
64.9	 15.6	 4.6
65	 17.4	 5.5
65.1	 19.0	 6.1
65.2	 20.3	 7.2
65.3	 21.5	 6.8
65.4	 22.6	 6.5
65.5	 24.4	 6.3
65.6	 26.3	 6.2
65.7	 26.9	 6.4
65.8	 27.4	 6.5
65.9	 27.5	 6.3
66	 27.3	 6.8
66.1	 26.8	 7.2
66.2	 27.0	 7.4
66.3	 27.3	 6.9
66.4	 27.3	 5.9
66.5	 26.9	 5.4
66.6	 25.9	 5.5
66.7	 24.6	 5.5
66.8	 23.3	 5.6
66.9	 21.5	 5.6
67	 20.3	 6.3
67.1	 18.3	 6.7
67.2	 16.9	 6.2
67.3	 14.7	 6.3
67.4	 12.0	 6.8
67.5	 10.3	 6.5
67.6	 8.7	 5.0
67.7	 8.0	 4.1
67.8	 7.3	 2.3
67.9	 6.5	 2.6
68	 6.0	 2.6
68.1	 5.2	 2.3
68.2	 4.6	 2.2
68.3	 4.0	 2.7
68.4	 3.7	 3.3
68.5	 2.6	 3.7
68.6	 2.2	 3.0
68.7	 1.9	 2.4
68.8	 1.4	 1.6
68.9	 0.6	 1.3
69	 0.3	 1.4
69.1	 -0.2	 1.7
69.2	 -0.7	 1.9
69.3	 -1.2	 2.5
69.4	 -1.4	 2.5
69.5	 -1.9	 3.0
69.6	 -2.3	 3.2
69.7	 -2.4	 2.8
69.8	 -2.0	 2.5
69.9	 -1.6	 2.5
70	 -1.5	 2.1
70.1	 -1.7	 1.7
70.2	 -1.5	 1.9
70.3	 -2.0	 2.0
70.4	 -1.9	 2.0
70.5	 -1.9	 2.0
70.6	 -1.8	 2.2
70.7	 -1.5	 2.1
70.8	 -1.5	 2.2
70.9	 -1.4	 2.1
71	 -1.2	 2.0
71.1	 -0.8	 1.8
71.2	 -0.5	 2.0
71.3	 -0.3	 2.2
71.4	 -0.9	 2.1
71.5	 -0.8	 1.8
71.6	 -0.8	 1.7
71.7	 -0.8	 1.7
71.8	 -0.7	 1.9
71.9	 -0.4	 1.9
72	 -0.5	 1.9
72.1	 -0.3	 1.9
72.2	 -0.6	 2.3
72.3	 -0.8	 2.3
72.4	 -0.8	 2.5
72.5	 -0.9	 2.2
72.6	 -0.5	 2.2
72.7	 -0.1	 2.1
72.8	 -0.2	 1.9
72.9	 -0.5	 1.9
73	 -0.7	 1.8
73.1	 -0.7	 1.5
73.2	 -0.2	 1.6
73.3	 0.0	 2.0
73.4	 0.8	 1.8
73.5	 1.2	 1.6
73.6	 1.4	 1.7
73.7	 1.9	 1.8
73.8	 1.8	 2.4
73.9	 1.9	 2.7
74	 2.0	 2.8
74.1	 2.4	 2.8
74.2	 2.9	 3.5
74.3	 4.7	 4.2
74.4	 3.7	 4.0
74.5	 3.8	 4.2
74.6	 3.7	 4.0
74.7	 4.3	 3.9
74.8	 4.2	 3.8
74.9	 4.7	 3.5
75	 5.2	 2.9
75.1	 5.1	 2.5
75.2	 4.7	 2.7
75.3	 4.5	 2.7
75.4	 4.7	 3.0
75.5	 4.8	 3.7
75.6	 5.2	 3.5
75.7	 5.4	 3.0
75.8	 4.9	 3.0
75.9	 5.1	 2.6
76	 5.0	 2.8
76.1	 5.0	 3.0
76.2	 4.4	 3.1
76.3	 4.8	 3.2
76.4	 4.2	 3.1
76.5	 4.8	 3.2
76.6	 4.1	 3.2
76.7	 3.8	 3.6
76.8	 3.5	 4.1
76.9	 3.7	 3.8
77	 2.4	 9.3
77.1	 1.1	 9.8
77.2	 0.9	 11.1
77.3	 1.4	 7.5
77.4	 0.1	 7.5
77.5	 0.2	 6.4
77.6	 0.3	 6.5
77.7	 1.0	 7.2
77.8	 0.8	 7.9
77.9	 -0.7	 12.5
78	 5.1	 6.1
78.1	 5.0	 6.4
78.2	 5.4	 5.4
78.3	 6.3	 4.2
78.4	 6.6	 4.5
78.5	 6.6	 5.6
78.6	 6.2	 5.5
78.7	 5.0	 5.5
78.8	 5.0	 5.1
78.9	 4.3	 4.6
79	 4.1	 4.5
79.1	 4.3	 4.4
79.2	 5.2	 5.2
79.3	 5.6	 5.6
79.4	 5.0	 6.0
79.5	 6.9	 8.0
79.6	 7.2	 6.2
79.7	 9.4	 7.5
79.8	 9.1	 7.6
79.9	 9.1	 7.5
80	 10.0	 8.9
80.1	 10.2	 9.0
80.2	 10.2	 9.8
80.3	 7.9	 8.0
80.4	 8.8	 8.6
80.5	 8.7	 8.5
80.6	 10.8	 9.5
80.7	 9.9	 8.5
80.8	 8.7	 8.7
80.9	 10.7	 7.7
81	 8.6	 11.6
81.1	 7.3	 12.6
81.2	 8.3	 14.0
81.3	 8.2	 14.4
81.4	 6.7	 15.7
81.5	 10.9	 13.1
81.6	 13.3	 9.8
81.7	 11.7	 10.7
81.8	 10.4	 10.3
81.9	 10.3	 10.3
82	 7.6	 10.8
82.1	 8.7	 8.7
82.2	 8.6	 8.4
82.3	 7.4	 9.0
82.4	 6.0	 9.4
82.5	 5.5	 11.4
82.6	 3.1	 12.3
82.7	 2.9	 11.9
82.8	 1.4	 10.9
82.9	 2.9	 11.7
83	 1.1	 11.9
83.1	 0.6	 12.0
83.2	 -3.3	 10.9
83.3	 -2.7	 10.9
83.4	 -1.6	 10.4
83.5	 -3.3	 11.2
83.6	 -3.8	 10.5
83.7	 -2.2	 10.8
83.8	 -2.5	 10.1
83.9	 -5.0	 9.6
84	 -5.5	 9.5
84.1	 -3.6	 9.5
84.2	 -4.2	 11.5
84.3	 -1.7	 12.1
84.4	 -5.2	 12.3
84.5	 -4.0	 12.4
84.6	 -0.6	 14.2
84.7	 1.3	 12.7
84.8	 2.2	 12.1
84.9	 1.8	 11.6
85	 1.5	 11.4
