     -90      66854.0      26.9041      0.00000      18.8832
     -89      66855.7      26.9029      0.00000      18.8840
     -88      66860.7      26.8991      0.00000      18.8867
     -87      66869.0      26.8929      0.00000      18.8910
     -86      66880.7      26.8842      0.00000      18.8971
     -85      66895.7      26.8731      0.00000      18.9050
     -84      66913.9      26.8595      0.00000      18.9145
     -83      66935.3      26.8435      0.00000      18.9258
     -82      66959.9      26.8251      0.00000      18.9388
     -81      66987.7      26.8043      0.00000      18.9535
     -80      67018.6      26.7811      0.00000      18.9699
     -79      67052.5      26.7556      0.00000      18.9880
     -78      67089.4      26.7279      0.00000      19.0077
     -77      67129.2      26.6978      0.00000      19.0291
     -76      67171.8      26.6656      0.00000      19.0521
     -75      67217.1      26.6312      0.00000      19.0767
     -74      67265.2      26.5947      0.00000      19.1029
     -73      67315.9      26.5561      0.00000      19.1306
     -72      67369.0      26.5155      0.00000      19.1599
     -71      67424.5      26.4729      0.00000      19.1907
     -70      67482.4      26.4285      0.00000      19.2230
     -69      67542.5      26.3822      0.00000      19.2567
     -68      67604.7      26.3341      0.00000      19.2919
     -67      67668.9      26.2844      0.00000      19.3284
     -66      67735.0      26.2329      0.00000      19.3663
     -65      67802.9      26.1800      0.00000      19.4055
     -64      67872.5      26.1255      0.00000      19.4459
     -63      67943.7      26.0697      0.00000      19.4876
     -62      68016.4      26.0125      0.00000      19.5304
     -61      68090.3      25.9541      0.00000      19.5744
     -60      68165.6      25.8945      0.00000      19.6194
     -59      68241.9      25.8338      0.00000      19.6655
     -58      68319.3      25.7721      0.00000      19.7126
     -57      68397.6      25.7095      0.00000      19.7606
     -56      68476.6      25.6461      0.00000      19.8094
     -55      68556.4      25.5820      0.00000      19.8591
     -54      68636.6      25.5172      0.00000      19.9095
     -53      68717.4      25.4519      0.00000      19.9606
     -52      68798.5      25.3861      0.00000      20.0123
     -51      68879.8      25.3199      0.00000      20.0646
     -50      68961.3      25.2534      0.00000      20.1175
     -49      69042.8      25.1868      0.00000      20.1707
     -48      69124.2      25.1200      0.00000      20.2243
     -47      69205.4      25.0532      0.00000      20.2782
     -46      69286.3      24.9865      0.00000      20.3324
     -45      69366.9      24.9199      0.00000      20.3867
     -44      69447.0      24.8535      0.00000      20.4412
     -43      69526.6      24.7875      0.00000      20.4956
     -42      69605.5      24.7218      0.00000      20.5501
     -41      69683.6      24.6566      0.00000      20.6044
     -40      69761.0      24.5920      0.00000      20.6585
     -39      69837.4      24.5280      0.00000      20.7124
     -38      69912.8      24.4647      0.00000      20.7660
     -37      69987.2      24.4022      0.00000      20.8192
     -36      70060.4      24.3406      0.00000      20.8720
     -35      70132.4      24.2798      0.00000      20.9242
     -34      70203.2      24.2201      0.00000      20.9758
     -33      70272.5      24.1614      0.00000      21.0268
     -32      70340.5      24.1038      0.00000      21.0770
     -31      70407.0      24.0474      0.00000      21.1264
     -30      70471.9      23.9922      0.00000      21.1750
     -29      70535.2      23.9383      0.00000      21.2227
     -28      70596.9      23.8857      0.00000      21.2694
     -27      70656.8      23.8346      0.00000      21.3151
     -26      70715.0      23.7848      0.00000      21.3596
     -25      70771.4      23.7366      0.00000      21.4030
     -24      70825.9      23.6900      0.00000      21.4452
     -23      70878.6      23.6449      0.00000      21.4861
     -22      70929.2      23.6014      0.00000      21.5256
     -21      70977.9      23.5596      0.00000      21.5638
     -20      71024.6      23.5195      0.00000      21.6006
     -19      71069.2      23.4811      0.00000      21.6359
     -18      71111.7      23.4445      0.00000      21.6697
     -17      71152.1      23.4097      0.00000      21.7019
     -16      71190.3      23.3768      0.00000      21.7325
     -15      71226.4      23.3457      0.00000      21.7614
     -14      71260.3      23.3165      0.00000      21.7887
     -13      71291.9      23.2892      0.00000      21.8142
     -12      71321.2      23.2638      0.00000      21.8380
     -11      71348.3      23.2404      0.00000      21.8600
     -10      71373.1      23.2189      0.00000      21.8802
      -9      71395.6      23.1995      0.00000      21.8985
      -8      71415.8      23.1821      0.00000      21.9150
      -7      71433.6      23.1666      0.00000      21.9296
      -6      71449.0      23.1532      0.00000      21.9423
      -5      71462.2      23.1419      0.00000      21.9530
      -4      71472.9      23.1326      0.00000      21.9618
      -3      71481.2      23.1254      0.00000      21.9687
      -2      71487.2      23.1202      0.00000      21.9736
      -1      71490.8      23.1171      0.00000      21.9766
       0      71492.0      23.1161      0.00000      21.9776
       1      71490.8      23.1171      0.00000      21.9766
       2      71487.2      23.1202      0.00000      21.9736
       3      71481.2      23.1254      0.00000      21.9687
       4      71472.9      23.1326      0.00000      21.9618
       5      71462.2      23.1419      0.00000      21.9530
       6      71449.0      23.1532      0.00000      21.9423
       7      71433.6      23.1666      0.00000      21.9296
       8      71415.8      23.1821      0.00000      21.9150
       9      71395.6      23.1995      0.00000      21.8985
      10      71373.1      23.2189      0.00000      21.8802
      11      71348.3      23.2404      0.00000      21.8600
      12      71321.2      23.2638      0.00000      21.8380
      13      71291.9      23.2892      0.00000      21.8142
      14      71260.3      23.3165      0.00000      21.7887
      15      71226.4      23.3457      0.00000      21.7614
      16      71190.3      23.3768      0.00000      21.7325
      17      71152.1      23.4097      0.00000      21.7019
      18      71111.7      23.4445      0.00000      21.6697
      19      71069.2      23.4811      0.00000      21.6359
      20      71024.6      23.5195      0.00000      21.6006
      21      70977.9      23.5596      0.00000      21.5638
      22      70929.2      23.6014      0.00000      21.5256
      23      70878.6      23.6449      0.00000      21.4861
      24      70825.9      23.6900      0.00000      21.4452
      25      70771.4      23.7366      0.00000      21.4030
      26      70715.0      23.7848      0.00000      21.3596
      27      70656.8      23.8346      0.00000      21.3151
      28      70596.9      23.8857      0.00000      21.2694
      29      70535.2      23.9383      0.00000      21.2227
      30      70471.9      23.9922      0.00000      21.1750
      31      70407.0      24.0474      0.00000      21.1264
      32      70340.5      24.1038      0.00000      21.0770
      33      70272.5      24.1614      0.00000      21.0268
      34      70203.2      24.2201      0.00000      20.9758
      35      70132.4      24.2798      0.00000      20.9242
      36      70060.4      24.3406      0.00000      20.8720
      37      69987.2      24.4022      0.00000      20.8192
      38      69912.8      24.4647      0.00000      20.7660
      39      69837.4      24.5280      0.00000      20.7124
      40      69761.0      24.5920      0.00000      20.6585
      41      69683.6      24.6566      0.00000      20.6044
      42      69605.5      24.7218      0.00000      20.5501
      43      69526.6      24.7875      0.00000      20.4956
      44      69447.0      24.8535      0.00000      20.4412
      45      69366.9      24.9199      0.00000      20.3867
      46      69286.3      24.9865      0.00000      20.3324
      47      69205.4      25.0532      0.00000      20.2782
      48      69124.2      25.1200      0.00000      20.2243
      49      69042.8      25.1868      0.00000      20.1707
      50      68961.3      25.2534      0.00000      20.1175
      51      68879.8      25.3199      0.00000      20.0646
      52      68798.5      25.3861      0.00000      20.0123
      53      68717.4      25.4519      0.00000      19.9606
      54      68636.6      25.5172      0.00000      19.9095
      55      68556.4      25.5820      0.00000      19.8591
      56      68476.6      25.6461      0.00000      19.8094
      57      68397.6      25.7095      0.00000      19.7606
      58      68319.3      25.7721      0.00000      19.7126
      59      68241.9      25.8338      0.00000      19.6655
      60      68165.6      25.8945      0.00000      19.6194
      61      68090.3      25.9541      0.00000      19.5744
      62      68016.4      26.0125      0.00000      19.5304
      63      67943.7      26.0697      0.00000      19.4876
      64      67872.5      26.1255      0.00000      19.4459
      65      67802.9      26.1800      0.00000      19.4055
      66      67735.0      26.2329      0.00000      19.3663
      67      67668.9      26.2844      0.00000      19.3284
      68      67604.7      26.3341      0.00000      19.2919
      69      67542.5      26.3822      0.00000      19.2567
      70      67482.4      26.4285      0.00000      19.2230
      71      67424.5      26.4729      0.00000      19.1907
      72      67369.0      26.5155      0.00000      19.1599
      73      67315.9      26.5561      0.00000      19.1306
      74      67265.2      26.5947      0.00000      19.1029
      75      67217.1      26.6312      0.00000      19.0767
      76      67171.8      26.6656      0.00000      19.0521
      77      67129.2      26.6978      0.00000      19.0291
      78      67089.4      26.7279      0.00000      19.0077
      79      67052.5      26.7556      0.00000      18.9880
      80      67018.6      26.7811      0.00000      18.9699
      81      66987.7      26.8043      0.00000      18.9535
      82      66959.9      26.8251      0.00000      18.9388
      83      66935.3      26.8435      0.00000      18.9258
      84      66913.9      26.8595      0.00000      18.9145
      85      66895.7      26.8731      0.00000      18.9050
      86      66880.7      26.8842      0.00000      18.8971
      87      66869.0      26.8929      0.00000      18.8910
      88      66860.7      26.8991      0.00000      18.8867
      89      66855.7      26.9029      0.00000      18.8840
      90      66854.0      26.9041      0.00000      18.8832
