# LAT    LCM    MU    RAD    ERROR    NU    VIEW
 nan   nan  nan      nan      nan      nan nan
 nan   nan  nan      nan      nan      nan nan
 nan   nan  nan      nan      nan      nan nan
 nan   nan  nan      nan      nan      nan nan
 nan   nan  nan      nan      nan      nan nan
 nan   nan  nan      nan      nan      nan nan
 nan   nan  nan      nan      nan      nan nan
 nan   nan  nan      nan      nan      nan nan
 nan   nan  nan      nan      nan      nan nan
 nan   nan  nan      nan      nan      nan nan
 nan   nan  nan      nan      nan      nan nan
 nan   nan  nan      nan      nan      nan nan
 nan   nan  nan      nan      nan      nan nan
 nan   nan  nan      nan      nan      nan nan
 nan   nan  nan      nan      nan      nan nan
 nan   nan  nan      nan      nan      nan nan
 nan   nan  nan      nan      nan      nan nan
 nan   nan  nan      nan      nan      nan nan
 nan   nan  nan      nan      nan      nan nan
 nan   nan  nan      nan      nan      nan nan
 nan   nan  nan      nan      nan      nan nan
 nan   nan  nan      nan      nan      nan nan
 nan   nan  nan      nan      nan      nan nan
 nan   nan  nan      nan      nan      nan nan
 nan   nan  nan      nan      nan      nan nan
 nan   nan  nan      nan      nan      nan nan
 nan   nan  nan      nan      nan      nan nan
 nan   nan  nan      nan      nan      nan nan
 nan   nan  nan      nan      nan      nan nan
 nan   nan  nan      nan      nan      nan nan
 nan   nan  nan      nan      nan      nan nan
 nan   nan  nan      nan      nan      nan nan
 nan   nan  nan      nan      nan      nan nan
 nan   nan  nan      nan      nan      nan nan
 nan   nan  nan      nan      nan      nan nan
 nan   nan  nan      nan      nan      nan nan
 nan   nan  nan      nan      nan      nan nan
 nan   nan  nan      nan      nan      nan nan
 nan   nan  nan      nan      nan      nan nan
 nan   nan  nan      nan      nan      nan nan
 nan   nan  nan      nan      nan      nan nan
 nan   nan  nan      nan      nan      nan nan
 nan   nan  nan      nan      nan      nan nan
 nan   nan  nan      nan      nan      nan nan
 nan   nan  nan      nan      nan      nan nan
 nan   nan  nan      nan      nan      nan nan
 nan   nan  nan      nan      nan      nan nan
 nan   nan  nan      nan      nan      nan nan
 nan   nan  nan      nan      nan      nan nan
 nan   nan  nan      nan      nan      nan nan
 nan   nan  nan      nan      nan      nan nan
 nan   nan  nan      nan      nan      nan nan
 nan   nan  nan      nan      nan      nan nan
 nan   nan  nan      nan      nan      nan nan
 nan   nan  nan      nan      nan      nan nan
 nan   nan  nan      nan      nan      nan nan
 nan   nan  nan      nan      nan      nan nan
 nan   nan  nan      nan      nan      nan nan
 nan   nan  nan      nan      nan      nan nan
 nan   nan  nan      nan      nan      nan nan
 nan   nan  nan      nan      nan      nan nan
 nan   nan  nan      nan      nan      nan nan
 nan   nan  nan      nan      nan      nan nan
 nan   nan  nan      nan      nan      nan nan
 nan   nan  nan      nan      nan      nan nan
 nan   nan  nan      nan      nan      nan nan
 nan   nan  nan      nan      nan      nan nan
 nan   nan  nan      nan      nan      nan nan
 nan   nan  nan      nan      nan      nan nan
 nan   nan  nan      nan      nan      nan nan
 nan   nan  nan      nan      nan      nan nan
 nan   nan  nan      nan      nan      nan nan
 nan   nan  nan      nan      nan      nan nan
 nan   nan  nan      nan      nan      nan nan
 nan   nan  nan      nan      nan      nan nan
-14.50 332.19 13.19 3.89428e-07 1.94714e-08 511.97345 1.0
-13.50 332.19 12.07 4.20931e-07 2.10465e-08 511.97345 1.0
-12.50 332.19 10.94 4.35575e-07 2.17788e-08 511.97345 1.0
-11.50 332.19 9.81 4.40321e-07 2.20161e-08 511.97345 1.0
-10.50 332.19 8.68 4.41059e-07 2.20530e-08 511.97345 1.0
-9.50 332.19 7.55 4.39168e-07 2.19584e-08 511.97345 1.0
-8.50 332.19 6.42 4.35120e-07 2.17560e-08 511.97345 1.0
-7.50 332.19 5.28 4.27808e-07 2.13904e-08 511.97345 1.0
-6.50 332.19 4.14 4.16001e-07 2.08001e-08 511.97345 1.0
-5.50 332.19 3.00 4.02531e-07 2.01265e-08 511.97345 1.0
-4.50 332.19 1.87 3.91362e-07 1.95681e-08 511.97345 1.0
-3.50 332.19 0.74 3.83336e-07 1.91668e-08 511.97345 1.0
-2.50 332.19 0.24 3.78177e-07 1.89088e-08 511.97345 1.0
-1.50 332.19 1.02 3.75108e-07 1.87554e-08 511.97345 1.0
-0.50 332.19 2.15 3.73326e-07 1.86663e-08 511.97345 1.0
0.50 332.19 3.86 3.72615e-07 1.86308e-08 511.97345 1.0
1.50 332.19 4.43 3.72016e-07 1.86008e-08 511.97345 1.0
2.50 332.19 5.57 3.72253e-07 1.86127e-08 511.97345 1.0
3.50 332.19 6.72 3.72134e-07 1.86067e-08 511.97345 1.0
4.50 332.19 7.86 3.72327e-07 1.86163e-08 511.97345 1.0
5.50 332.19 9.00 3.76509e-07 1.88255e-08 511.97345 1.0
6.50 332.19 10.14 3.83880e-07 1.91940e-08 511.97345 1.0
7.50 332.19 11.28 3.95884e-07 1.97942e-08 511.97345 1.0
8.50 332.19 12.42 4.12109e-07 2.06055e-08 511.97345 1.0
9.50 332.19 13.55 4.30559e-07 2.15279e-08 511.97345 1.0
10.50 332.19 14.69 4.49096e-07 2.24548e-08 511.97345 1.0
11.50 332.19 15.82 4.64469e-07 2.32235e-08 511.97345 1.0
12.50 332.19 16.95 4.74258e-07 2.37129e-08 511.97345 1.0
13.50 332.19 18.08 4.76125e-07 2.38063e-08 511.97345 1.0
14.50 332.19 19.20 4.70506e-07 2.35253e-08 511.97345 1.0
15.50 332.19 20.32 4.56546e-07 2.28273e-08 511.97345 1.0
16.50 332.19 21.44 4.36898e-07 2.18449e-08 511.97345 1.0
17.50 332.19 22.56 4.14691e-07 2.07346e-08 511.97345 1.0
18.50 332.19 23.67 3.94975e-07 1.97487e-08 511.97345 1.0
19.50 332.19 24.78 3.83548e-07 1.91774e-08 511.97345 1.0
20.50 332.19 25.88 3.81259e-07 1.90630e-08 511.97345 1.0
21.50 332.19 26.99 3.86286e-07 1.93143e-08 511.97345 1.0
22.50 332.19 28.08 3.94144e-07 1.97072e-08 511.97345 1.0
23.50 332.19 29.18 3.94100e-07 1.97050e-08 511.97345 1.0
24.50 332.19 30.27 3.82187e-07 1.91093e-08 511.97345 1.0
25.50 332.19 31.35 3.68029e-07 1.84014e-08 511.97345 1.0
26.50 332.19 32.44 3.61791e-07 1.80896e-08 511.97345 1.0
27.50 332.19 33.51 3.56338e-07 1.78169e-08 511.97345 1.0
28.50 332.19 34.59 3.47653e-07 1.73826e-08 511.97345 1.0
29.50 332.19 35.66 3.39182e-07 1.69591e-08 511.97345 1.0
30.50 332.19 36.72 3.33273e-07 1.66636e-08 511.97345 1.0
31.50 332.19 37.78 3.32172e-07 1.66086e-08 511.97345 1.0
32.50 332.19 38.83 3.34600e-07 1.67300e-08 511.97345 1.0
33.50 332.19 39.88 3.36175e-07 1.68087e-08 511.97345 1.0
34.50 332.19 40.93 3.34881e-07 1.67440e-08 511.97345 1.0
35.50 332.19 41.97 3.28104e-07 1.64052e-08 511.97345 1.0
36.50 332.19 43.01 3.17108e-07 1.58554e-08 511.97345 1.0
37.50 332.19 44.04 3.12110e-07 1.56055e-08 511.97345 1.0
38.50 332.19 45.06 3.10038e-07 1.55019e-08 511.97345 1.0
39.50 332.19 46.09 3.11595e-07 1.55797e-08 511.97345 1.0
40.50 332.19 47.10 3.13633e-07 1.56816e-08 511.97345 1.0
41.50 332.19 48.12 3.13472e-07 1.56736e-08 511.97345 1.0
42.50 332.19 49.12 3.11233e-07 1.55616e-08 511.97345 1.0
43.50 332.19 50.13 3.10460e-07 1.55230e-08 511.97345 1.0
44.50 332.19 51.12 3.10629e-07 1.55315e-08 511.97345 1.0
45.50 332.19 52.12 3.09254e-07 1.54627e-08 511.97345 1.0
46.50 332.19 53.11 3.06558e-07 1.53279e-08 511.97345 1.0
47.50 332.19 54.09 3.04238e-07 1.52119e-08 511.97345 1.0
48.50 332.19 55.07 3.01953e-07 1.50976e-08 511.97345 1.0
49.50 332.19 56.04 2.98873e-07 1.49437e-08 511.97345 1.0
50.50 332.19 57.02 2.94993e-07 1.47497e-08 511.97345 1.0
51.50 332.19 57.98 2.91872e-07 1.45936e-08 511.97345 1.0
52.50 332.19 58.94 2.90742e-07 1.45371e-08 511.97345 1.0
53.50 332.19 59.90 2.89927e-07 1.44963e-08 511.97345 1.0
54.50 332.19 60.86 2.88242e-07 1.44121e-08 511.97345 1.0
55.50 332.19 61.81 2.85817e-07 1.42909e-08 511.97345 1.0
56.50 332.19 62.75 2.82489e-07 1.41244e-08 511.97345 1.0
57.50 332.19 63.69 2.78980e-07 1.39490e-08 511.97345 1.0
58.50 332.19 64.63 2.75767e-07 1.37883e-08 511.97345 1.0
59.50 332.19 65.57 2.72120e-07 1.36060e-08 511.97345 1.0
60.50 332.19 66.50 2.69574e-07 1.34787e-08 511.97345 1.0
61.50 332.19 67.42 2.67172e-07 1.33586e-08 511.97345 1.0
62.50 332.19 68.35 2.63508e-07 1.31754e-08 511.97345 1.0
63.50 332.19 69.27 2.58154e-07 1.29077e-08 511.97345 1.0
64.50 332.19 70.19 2.51090e-07 1.25545e-08 511.97345 1.0
65.50 332.19 71.10 2.42561e-07 1.21281e-08 511.97345 1.0
66.50 332.19 72.01 2.33201e-07 1.16601e-08 511.97345 1.0
67.50 332.19 72.92 2.23861e-07 1.11930e-08 511.97345 1.0
68.50 332.19 73.83 2.15453e-07 1.07726e-08 511.97345 1.0
69.50 332.19 74.73 2.07887e-07 1.03943e-08 511.97345 1.0
70.50 332.19 75.63 2.01347e-07 1.00673e-08 511.97345 1.0
71.50 332.19 76.53 1.95225e-07 9.76125e-09 511.97345 1.0
72.50 332.19 77.42 1.90085e-07 9.50424e-09 511.97345 1.0
73.50 332.19 78.32 1.85611e-07 9.28056e-09 511.97345 1.0
74.50 332.19 79.21 1.81172e-07 9.05860e-09 511.97345 1.0
75.50 332.19 80.10 1.76474e-07 8.82369e-09 511.97345 1.0
76.50 332.19 80.99 1.71686e-07 8.58429e-09 511.97345 1.0
77.50 332.19 81.87 1.67329e-07 8.36643e-09 511.97345 1.0
78.50 332.19 82.76 1.62491e-07 8.12454e-09 511.97345 1.0
79.50 332.19 83.64 1.58001e-07 7.90006e-09 511.97345 1.0
80.50 332.19 84.52 1.53180e-07 7.65902e-09 511.97345 1.0
81.50 332.19 85.40 1.49161e-07 7.45805e-09 511.97345 1.0
82.50 332.19 86.28 1.45912e-07 7.29560e-09 511.97345 1.0
83.50 332.19 87.16 1.43122e-07 7.15610e-09 511.97345 1.0
84.50 332.19 88.03 1.41207e-07 7.06034e-09 511.97345 1.0
85.50 332.19 88.91 1.39844e-07 6.99218e-09 511.97345 1.0
86.50 332.19 89.59 1.38870e-07 6.94349e-09 511.97345 1.0
 nan   nan  nan      nan      nan      nan nan
 nan   nan  nan      nan      nan      nan nan
 nan   nan  nan      nan      nan      nan nan
